% simulator: new_wave_test_r3
% commit: caa3e60

% RUNNING CASE: OFDM BW10 FC4000 V3 DS0.1 TDLA MCS8 LEN6120 SIM10000 SNR0 TFNR TFEQMMSE
per_case01 = [ ...
  0.0        401   1.000000
  2.0        401   1.000000
  4.0        729   0.550069
  6.0       1837   0.218291
  8.0       6601   0.060748
 10.0      10000   0.018700
 12.0      10000   0.003100
 14.0      10000   0.000200
 16.0      10000   0.000100];

% RUNNING CASE: OFDM BW10 FC4000 V120 DS0.1 TDLA MCS8 LEN6120 SIM10000 SNR0 TFNR TFEQMMSE
per_case02 = [ ...
  0.0        401   1.000000
  2.0        401   1.000000
  4.0        601   0.667221
  6.0       2080   0.192788
  8.0      10000   0.032400
 10.0      10000   0.002300
 12.0      10000   0.000000];

% RUNNING CASE: OFDM BW10 FC4000 V200 DS0.1 TDLA MCS8 LEN6120 SIM10000 SNR0 TFNR TFEQMMSE
per_case03 = [ ...
  0.0        401   1.000000
  2.0        401   1.000000
  4.0        544   0.737132
  6.0       1798   0.223026
  8.0      10000   0.024300
 10.0      10000   0.001400
 12.0      10000   0.000100];

% RUNNING CASE: OFDM BW10 FC4000 V500 DS0.1 TDLA MCS8 LEN6120 SIM10000 SNR0 TFNR TFEQMMSE
per_case04 = [ ...
  0.0        401   1.000000
  2.0        401   1.000000
  4.0        405   0.990123
  6.0        480   0.835417
  8.0        682   0.587977
 10.0        978   0.410020
 12.0       1271   0.315500
 14.0       1348   0.297478
 16.0       1279   0.313526
 18.0       1272   0.315252];

% RUNNING CASE: OFDM BW10 FC4000 V3 DS0.1 TDLD MCS8 LEN6120 SIM10000 SNR0 TFNR TFEQMMSE
per_case05 = [ ...
  0.0        401   1.000000
  2.0        401   1.000000
  4.0        517   0.775629
  6.0       3529   0.113630
  8.0      10000   0.011700
 10.0      10000   0.000700];

% RUNNING CASE: OFDM BW10 FC4000 V120 DS0.1 TDLD MCS8 LEN6120 SIM10000 SNR0 TFNR TFEQMMSE
per_case06 = [ ...
  0.0        401   1.000000
  2.0        401   1.000000
  4.0        483   0.830228
  6.0       4305   0.093148
  8.0      10000   0.002100
 10.0      10000   0.000000];

% RUNNING CASE: OFDM BW10 FC4000 V200 DS0.1 TDLD MCS8 LEN6120 SIM10000 SNR0 TFNR TFEQMMSE
per_case07 = [ ...
  0.0        401   1.000000
  2.0        401   1.000000
  4.0        428   0.936916
  6.0       3979   0.100779
  8.0      10000   0.001900
 10.0      10000   0.000000];

% RUNNING CASE: OFDM BW10 FC4000 V500 DS0.1 TDLD MCS8 LEN6120 SIM10000 SNR0 TFNR TFEQMMSE
per_case08 = [ ...
  0.0        401   1.000000
  2.0        401   1.000000
  4.0        401   1.000000
  6.0        401   1.000000
  8.0        403   0.995037
 10.0        419   0.957041
 12.0        431   0.930394
 14.0        431   0.930394
 16.0        422   0.950237
 18.0        431   0.930394];

% RUNNING CASE: OFDM BW10 FC4000 V3 DS0.1 TDLA MCS8 LEN6120 SIM10000 SNR0 TFLTEDOWN TFEQMMSE
per_case09 = [ ...
  0.0        401   1.000000
  2.0        406   0.987685
  4.0        887   0.452086
  6.0       2368   0.169341
  8.0       8483   0.047271
 10.0      10000   0.012700
 12.0      10000   0.002700
 14.0      10000   0.000100];

% RUNNING CASE: OFDM BW10 FC4000 V120 DS0.1 TDLA MCS8 LEN6120 SIM10000 SNR0 TFLTEDOWN TFEQMMSE
per_case10 = [ ...
  0.0        401   1.000000
  2.0        403   0.995037
  4.0        806   0.497519
  6.0       2926   0.137047
  8.0      10000   0.018300
 10.0      10000   0.001100
 12.0      10000   0.000100];

% RUNNING CASE: OFDM BW10 FC4000 V200 DS0.1 TDLA MCS8 LEN6120 SIM10000 SNR0 TFLTEDOWN TFEQMMSE
per_case11 = [ ...
  0.0        401   1.000000
  2.0        401   1.000000
  4.0        755   0.531126
  6.0       3578   0.112074
  8.0      10000   0.010800
 10.0      10000   0.000800];

% RUNNING CASE: OFDM BW10 FC4000 V500 DS0.1 TDLA MCS8 LEN6120 SIM10000 SNR0 TFLTEDOWN TFEQMMSE
per_case12 = [ ...
  0.0        401   1.000000
  2.0        401   1.000000
  4.0        404   0.992574
  6.0        519   0.772640
  8.0        683   0.587116
 10.0        790   0.507595
 12.0        844   0.475118
 14.0        862   0.465197
 16.0        765   0.524183
 18.0        663   0.604827];

% RUNNING CASE: OFDM BW10 FC4000 V3 DS0.1 TDLD MCS8 LEN6120 SIM10000 SNR0 TFLTEDOWN TFEQMMSE
per_case13 = [ ...
  0.0        401   1.000000
  2.0        401   1.000000
  4.0        886   0.452596
  6.0       6699   0.059860
  8.0      10000   0.006500
 10.0      10000   0.000600];

% RUNNING CASE: OFDM BW10 FC4000 V120 DS0.1 TDLD MCS8 LEN6120 SIM10000 SNR0 TFLTEDOWN TFEQMMSE
per_case14 = [ ...
  0.0        401   1.000000
  2.0        401   1.000000
  4.0        794   0.505038
  6.0      10000   0.025700
  8.0      10000   0.000500];

% RUNNING CASE: OFDM BW10 FC4000 V200 DS0.1 TDLA MCS8 LEN6120 SIM10000 SNR0 TFLTEDOWN TFEQMMSE
per_case15 = [ ...
  0.0        401   1.000000
  2.0        401   1.000000
  4.0        675   0.594074
  6.0      10000   0.020600
  8.0      10000   0.000200];

% RUNNING CASE: OFDM BW10 FC4000 V500 DS0.1 TDLD MCS8 LEN6120 SIM10000 SNR0 TFLTEDOWN TFEQMMSE
per_case16 = [ ...
  0.0        401   1.000000
  2.0        401   1.000000
  4.0        401   1.000000
  6.0        401   1.000000
  8.0        405   0.990123
 10.0        405   0.990123
 12.0        407   0.985258
 14.0        406   0.987685
 16.0        409   0.980440
 18.0        402   0.997512];

% RUNNING CASE: OFDM BW10 FC4000 V3 DS0.1 TDLA MCS8 LEN6120 SIM10000 SNR0 TFLTEUP TFEQMMSE
per_case17 = [ ...
  0.0        401   1.000000
  2.0        401   1.000000
  4.0        441   0.909297
  6.0       1073   0.373719
  8.0       4382   0.091511
 10.0      10000   0.021400
 12.0      10000   0.002500
 14.0      10000   0.000200];

% RUNNING CASE: OFDM BW10 FC4000 V120 DS0.1 TDLA MCS8 LEN6120 SIM10000 SNR0 TFLTEUP TFEQMMSE
per_case18 = [ ...
  0.0        401   1.000000
  2.0        401   1.000000
  4.0        429   0.934732
  6.0        968   0.414256
  8.0       4793   0.083664
 10.0      10000   0.010500
 12.0      10000   0.001000
 14.0      10000   0.000100];

% RUNNING CASE: OFDM BW10 FC4000 V200 DS0.1 TDLA MCS8 LEN6120 SIM10000 SNR0 TFLTEUP TFEQMMSE
per_case19 = [ ...
  0.0        401   1.000000
  2.0        401   1.000000
  4.0        406   0.987685
  6.0        619   0.647819
  8.0       1470   0.272789
 10.0       3471   0.115529
 12.0       5117   0.078366
 14.0       6244   0.064222
 16.0       5119   0.078336
 18.0       4782   0.083856];

% RUNNING CASE: OFDM BW10 FC4000 V500 DS0.1 TDLA MCS8 LEN6120 SIM10000 SNR0 TFLTEUP TFEQMMSE
per_case20 = [ ...
  0.0        401   1.000000
  2.0        401   1.000000
  4.0        401   1.000000
  6.0        401   1.000000
  8.0        401   1.000000
 10.0        401   1.000000
 12.0        401   1.000000
 14.0        403   0.995037
 16.0        403   0.995037
 18.0        402   0.997512];

% RUNNING CASE: OFDM BW10 FC4000 V3 DS0.1 TDLD MCS8 LEN6120 SIM10000 SNR0 TFLTEUP TFEQMMSE
per_case21 = [ ...
  0.0        401   1.000000
  2.0        401   1.000000
  4.0        403   0.995037
  6.0       1302   0.307988
  8.0      10000   0.024300
 10.0      10000   0.001200
 12.0      10000   0.000200];

% RUNNING CASE: OFDM BW10 FC4000 V120 DS0.1 TDLD MCS8 LEN6120 SIM10000 SNR0 TFLTEUP TFEQMMSE
per_case22 = [ ...
  0.0        401   1.000000
  2.0        401   1.000000
  4.0        401   1.000000
  6.0        902   0.444568
  8.0      10000   0.022500
 10.0      10000   0.000200];

% RUNNING CASE: OFDM BW10 FC4000 V200 DS0.1 TDLD MCS8 LEN6120 SIM10000 SNR0 TFLTEUP TFEQMMSE
per_case23 = [ ...
  0.0        401   1.000000
  2.0        401   1.000000
  4.0        401   1.000000
  6.0        436   0.919725
  8.0        777   0.516088
 10.0       1551   0.258543
 12.0       2212   0.181284
 14.0       2210   0.181448
 16.0       2065   0.194189
 18.0       1580   0.253797];

% RUNNING CASE: OFDM BW10 FC4000 V500 DS0.1 TDLD MCS8 LEN6120 SIM10000 SNR0 TFLTEUP TFEQMMSE
