% simulator: new_wave_lls
% commit: 60cfc4a
% bandwidth 10 MHz, subcarrier spacing 60 khz, 4 slots, single user, 3 rbs x 1 slot per user
% comment: previous result(per_result_20200928) has wrong noise power setting.
%          this is noise power matched version.
%   1. single user vs. multi users
%   2. single subframe vs. multi subframes (short tb vs. long tb)
%   3. fully spreaded otfs vs. partially-spreaded otfs
%   4. otfs vs. ofdm

%% otfs / single user / short transmit block / partial spreading

% RUNNING CASE: OTFS MU BW10 SCS60 SLOT4 FC4000 V3 DS0.1 TDLC MCS8 LEN964 SIM10000 SNR0 REAL TFEQMMSE USR1
per_case01 = [ ...
     0.0        401   1.000000
     2.0        401   1.000000
     4.0        518   0.774131
     6.0       1299   0.308699
     8.0       2286   0.175416
    10.0       3808   0.105305
    12.0       6388   0.062774
    14.0      10000   0.029900
    16.0      10000   0.015600
    18.0      10000   0.005900];

% RUNNING CASE: OTFS MU BW10 SCS60 SLOT4 FC4000 V120 DS0.1 TDLC MCS8 LEN964 SIM10000 SNR0 REAL TFEQMMSE USR1
per_case02 = [ ...
     0.0        401   1.000000
     2.0        401   1.000000
     4.0        561   0.714795
     6.0       1202   0.333611
     8.0       1987   0.201812
    10.0       3419   0.117286
    12.0       6467   0.062007
    14.0      10000   0.027700
    16.0      10000   0.008000
    18.0      10000   0.002100];

% RUNNING CASE: OTFS MU BW10 SCS60 SLOT4 FC4000 V200 DS0.1 TDLC MCS8 LEN964 SIM10000 SNR0 REAL TFEQMMSE USR1
per_case03 = [ ...
     0.0        401   1.000000
     2.0        401   1.000000
     4.0        511   0.784736
     6.0       1062   0.377589
     8.0       1997   0.200801
    10.0       3428   0.116978
    12.0       7587   0.052854
    14.0      10000   0.016500
    16.0      10000   0.006700
    18.0      10000   0.001500];

% RUNNING CASE: OTFS MU BW10 SCS60 SLOT4 FC4000 V500 DS0.1 TDLC MCS8 LEN964 SIM10000 SNR0 REAL TFEQMMSE USR1
per_case04 = [ ...
     0.0        401   1.000000
     2.0        401   1.000000
     4.0        425   0.943529
     6.0        766   0.523499
     8.0       1537   0.260898
    10.0       3506   0.114375
    12.0      10000   0.030300
    14.0      10000   0.008000
    16.0      10000   0.000600];

% RUNNING CASE: OTFS MU BW10 SCS60 SLOT4 FC4000 V3 DS0.01 TDLE MCS8 LEN964 SIM10000 SNR0 REAL TFEQMMSE USR1
per_case05 = [ ...
     0.0        401   1.000000
     2.0        401   1.000000
     4.0        665   0.603008
     6.0       1593   0.251726
     8.0       2681   0.149571
    10.0       4877   0.082223
    12.0       8052   0.049801
    14.0      10000   0.031800
    16.0      10000   0.021800
    18.0      10000   0.015600];

% RUNNING CASE: OTFS MU BW10 SCS60 SLOT4 FC4000 V120 DS0.01 TDLE MCS8 LEN964 SIM10000 SNR0 REAL TFEQMMSE USR1
per_case06 = [ ...
     0.0        401   1.000000
     2.0        401   1.000000
     4.0        615   0.652033
     6.0       1570   0.255414
     8.0       2595   0.154528
    10.0       4117   0.097401
    12.0       6522   0.061484
    14.0       9254   0.043333
    16.0      10000   0.022700
    18.0      10000   0.009800];

% RUNNING CASE: OTFS MU BW10 SCS60 SLOT4 FC4000 V200 DS0.01 TDLE MCS8 LEN964 SIM10000 SNR0 REAL TFEQMMSE USR1
per_case07 = [ ...
     0.0        401   1.000000
     2.0        401   1.000000
     4.0        544   0.737132
     6.0       1345   0.298141
     8.0       2284   0.175569
    10.0       3412   0.117526
    12.0       5976   0.067102
    14.0      10000   0.035800
    16.0      10000   0.019300
    18.0      10000   0.006600];

% RUNNING CASE: OTFS MU BW10 SCS60 SLOT4 FC4000 V500 DS0.01 TDLE MCS8 LEN964 SIM10000 SNR0 REAL TFEQMMSE USR1
per_case08 = [ ...
     0.0        401   1.000000
     2.0        401   1.000000
     4.0        454   0.883260
     6.0        815   0.492025
     8.0       1519   0.263989
    10.0       3403   0.117837
    12.0       8367   0.047926
    14.0      10000   0.017300
    16.0      10000   0.005800
    18.0      10000   0.001600];

%% otfs / multi user / long transmit block / partial spreading

% RUNNING CASE: OTFS MU BW10 SCS60 SLOT4 FC4000 V3 DS0.1 TDLC MCS8 LEN6120 SIM10000 SNR0 REAL TFEQMMSE USR4

per_case09 = [ ...
     0.0        401   1.000000  1.000000  1.000000  1.000000
     2.0        411   0.978102  0.975669  0.985401  0.985401
     4.0        778   0.515424  0.524422  0.537275  0.541131
     6.0       1483   0.271746  0.270398  0.277815  0.277815
     8.0       2342   0.171648  0.171221  0.182323  0.183177
    10.0       4042   0.100693  0.099208  0.101682  0.101682
    12.0       7032   0.057025  0.057309  0.059585  0.059158
    14.0      10000   0.028100  0.028900  0.025600  0.026500
    16.0      10000   0.012000  0.011600  0.011900  0.011700
    18.0      10000   0.004000  0.004200  0.003300  0.002600];

% RUNNING CASE: OTFS MU BW10 SCS60 SLOT4 FC4000 V120 DS0.1 TDLC MCS8 LEN6120 SIM10000 SNR0 REAL TFEQMMSE USR4
per_case10 = [ ...
     0.0        401   1.000000  1.000000  1.000000  1.000000
     2.0        401   1.000000  1.000000  1.000000  1.000000
     4.0        477   0.863732  0.840671  0.863732  0.855346
     6.0       1248   0.322115  0.321314  0.322115  0.341346
     8.0       7322   0.054766  0.058864  0.056132  0.060366
    10.0      10000   0.004500  0.005300  0.005300  0.007000
    12.0      10000   0.000300  0.000200  0.000200  0.000200];

% RUNNING CASE: OTFS MU BW10 SCS60 SLOT4 FC4000 V200 DS0.1 TDLC MCS8 LEN6120 SIM10000 SNR0 REAL TFEQMMSE USR4
per_case11 = [ ...
     0.0        401   1.000000  1.000000  1.000000  1.000000
     2.0        401   1.000000  1.000000  1.000000  1.000000
     4.0        471   0.851380  0.870488  0.885350  0.855626
     6.0       1094   0.366545  0.393053  0.378428  0.372943
     8.0       4813   0.083732  0.090796  0.083316  0.087056
    10.0      10000   0.009300  0.007100  0.005400  0.005700
    12.0      10000   0.000200  0.000100  0.000200  0.000600];

% RUNNING CASE: OTFS MU BW10 SCS60 SLOT4 FC4000 V500 DS0.1 TDLC MCS8 LEN6120 SIM10000 SNR0 REAL TFEQMMSE USR4
per_case12 = [ ...
     0.0        401   1.000000  1.000000  1.000000  1.000000
     2.0        401   1.000000  1.000000  1.000000  1.000000
     4.0        429   0.955711  0.939394  0.976690  0.934732
     6.0        855   0.490058  0.469006  0.481871  0.480702
     8.0       5130   0.083236  0.098441  0.078168  0.081871
    10.0      10000   0.003100  0.003500  0.004100  0.003500
    12.0      10000   0.000000  0.000000  0.000000  0.000000];

% RUNNING CASE: OTFS MU BW10 SCS60 SLOT4 FC4000 V3 DS0.01 TDLE MCS8 LEN6120 SIM10000 SNR0 REAL TFEQMMSE USR4
per_case13 = [ ...
     0.0        401   1.000000  1.000000  1.000000  1.000000
     2.0        402   1.000000  1.000000  1.000000  0.997512
     4.0        972   0.412551  0.422840  0.434156  0.433128
     6.0       1924   0.225052  0.225052  0.208420  0.209979
     8.0       3067   0.133355  0.133355  0.131073  0.130747
    10.0       5029   0.082323  0.084908  0.080334  0.079738
    12.0       7074   0.057676  0.058666  0.056686  0.057959
    14.0      10000   0.038900  0.038900  0.036600  0.035500
    16.0      10000   0.023000  0.022500  0.022400  0.022000
    18.0      10000   0.010300  0.010300  0.009400  0.009300];

% RUNNING CASE: OTFS MU BW10 SCS60 SLOT4 FC4000 V120 DS0.01 TDLE MCS8 LEN6120 SIM10000 SNR0 REAL TFEQMMSE USR4
per_case14 = [ ...
     0.0        401   1.000000  1.000000  1.000000  1.000000
     2.0        401   1.000000  1.000000  1.000000  1.000000
     4.0        515   0.778641  0.798058  0.801942  0.780583
     6.0       1431   0.292802  0.324249  0.280224  0.306778
     8.0       5831   0.074258  0.075802  0.072372  0.068770
    10.0      10000   0.012800  0.013700  0.012000  0.011500
    12.0      10000   0.002000  0.002000  0.001600  0.001300
    14.0      10000   0.000000  0.000000  0.000100  0.000000];

% RUNNING CASE: OTFS MU BW10 SCS60 SLOT4 FC4000 V200 DS0.01 TDLE MCS8 LEN6120 SIM10000 SNR0 REAL TFEQMMSE USR4
