% simulator: new_wave_lls
% commit: 0143f17
% bandwidth 10 MHz, subcarrier spacing 60 khz, 4 slots, single user, 3 rbs x 1 slot per user
%   1. single user vs. multi users
%   2. single subframe vs. multi subframes
%   3. fully spreaded otfs vs. partially-spreaded otfs
%   4. otfs vs. ofdm

% RUNNING CASE: OTFS MU BW10 SCS60 SLOT4 FC4000 V3 DS0.1 TDLC MCS8 LEN964 SIM10000 SNR0 REAL TFEQMMSE USR1
per_case01 = [ ...
     0.0       1633   0.245560
     2.0       2545   0.157564
     4.0       4197   0.095544
     6.0       7186   0.055803
     8.0      10000   0.033900
    10.0      10000   0.015900
    12.0      10000   0.006600
    14.0      10000   0.003000
    16.0      10000   0.000900];

% RUNNING CASE: OTFS MU BW10 SCS60 SLOT4 FC4000 V120 DS0.1 TDLC MCS8 LEN964 SIM10000 SNR0 REAL TFEQMMSE USR1
per_case02 = [ ...
     0.0       1502   0.266977
     2.0       2509   0.159825
     4.0       3934   0.101932
     6.0       7450   0.053826
     8.0      10000   0.026900
    10.0      10000   0.009500
    12.0      10000   0.003800
    14.0      10000   0.001300
    16.0      10000   0.000200];

% RUNNING CASE: OTFS MU BW10 SCS60 SLOT4 FC4000 V200 DS0.1 TDLC MCS8 LEN964 SIM10000 SNR0 REAL TFEQMMSE USR1
per_case03 = [ ...
     0.0       1482   0.270580
     2.0       2525   0.158812
     4.0       3834   0.104591
     6.0       8688   0.046156
     8.0      10000   0.017800
    10.0      10000   0.005600
    12.0      10000   0.001300
    14.0      10000   0.000200];

% RUNNING CASE: OTFS MU BW10 SCS60 SLOT4 FC4000 V500 DS0.1 TDLC MCS8 LEN964 SIM10000 SNR0 REAL TFEQMMSE USR1
per_case04 = [ ...
     0.0       1403   0.285816
     2.0       2961   0.135427
     4.0       7076   0.056670
     6.0      10000   0.021300
     8.0      10000   0.005800
    10.0      10000   0.002200
    12.0      10000   0.000400];

% RUNNING CASE: OTFS MU BW10 SCS60 SLOT4 FC4000 V3 DS0.01 TDLE MCS8 LEN964 SIM10000 SNR0 REAL TFEQMMSE USR1
per_case05 = [ ...
     0.0       1880   0.213298
     2.0       3087   0.129900
     4.0       4936   0.081240
     6.0       7788   0.051489
     8.0      10000   0.037600
    10.0      10000   0.023000
    12.0      10000   0.017400
    14.0      10000   0.008700
    16.0      10000   0.005000
    18.0      10000   0.003000];

% RUNNING CASE: OTFS MU BW10 SCS60 SLOT4 FC4000 V120 DS0.01 TDLE MCS8 LEN964 SIM10000 SNR0 REAL TFEQMMSE USR1
per_case06 = [ ...
     0.0       1748   0.229405
     2.0       3015   0.133002
     4.0       4041   0.099233
     6.0       6664   0.060174
     8.0      10000   0.036800
    10.0      10000   0.024500
    12.0      10000   0.010700
    14.0      10000   0.003800
    16.0      10000   0.001500
    18.0      10000   0.000700];

% RUNNING CASE: OTFS MU BW10 SCS60 SLOT4 FC4000 V200 DS0.01 TDLE MCS8 LEN964 SIM10000 SNR0 REAL TFEQMMSE USR1
per_case07 = [ ...
     0.0       1713   0.234092
     2.0       2619   0.153112
     4.0       3818   0.105029
     6.0       5974   0.067124
     8.0      10000   0.036200
    10.0      10000   0.015200
    12.0      10000   0.007100
    14.0      10000   0.003800
    16.0      10000   0.001100
    18.0      10000   0.000600];

% RUNNING CASE: OTFS MU BW10 SCS60 SLOT4 FC4000 V500 DS0.01 TDLE MCS8 LEN964 SIM10000 SNR0 REAL TFEQMMSE USR1
per_case08 = [ ...
     0.0       1414   0.283593
     2.0       2611   0.153581
     4.0       5903   0.067932
     6.0      10000   0.034700
     8.0      10000   0.013900
    10.0      10000   0.005400
    12.0      10000   0.001600
    14.0      10000   0.000700];

% RUNNING CASE: OTFS MU BW10 SCS60 SLOT4 FC4000 V3 DS0.1 TDLC MCS8 LEN964 SIM10000 SNR0 REAL TFEQMMSE USR4
per_case09 = [ ...
     0.0       1033   0.398838  0.391094  0.389158  0.388190
     2.0       1848   0.219697  0.216991  0.246753  0.240801
     4.0       3311   0.142857  0.146481  0.123830  0.121111
     6.0       4696   0.085605  0.085392  0.088160  0.088586
     8.0       9101   0.045490  0.045160  0.044061  0.044720
    10.0      10000   0.022600  0.022500  0.020200  0.021400
    12.0      10000   0.011300  0.011500  0.010800  0.010900
    14.0      10000   0.004700  0.005100  0.004000  0.003700
    16.0      10000   0.001800  0.001200  0.002000  0.001400
    18.0      10000   0.000600  0.000800  0.000600  0.000400];

% RUNNING CASE: OTFS MU BW10 SCS60 SLOT4 FC4000 V120 DS0.1 TDLC MCS8 LEN964 SIM10000 SNR0 REAL TFEQMMSE USR4
per_case10 = [ ...
     0.0        990   0.405051  0.448485  0.426263  0.441414
     2.0       1722   0.264808  0.232869  0.263066  0.255517
     4.0       2534   0.158248  0.161800  0.175612  0.172060
     6.0       4069   0.098550  0.101991  0.103957  0.100025
     8.0       8636   0.048518  0.053150  0.046434  0.050486
    10.0      10000   0.021000  0.020800  0.019000  0.021200
    12.0      10000   0.009000  0.006600  0.007100  0.006500
    14.0      10000   0.001200  0.002400  0.001900  0.002000
    16.0      10000   0.000200  0.000500  0.000100  0.000400];

% RUNNING CASE: OTFS MU BW10 SCS60 SLOT4 FC4000 V200 DS0.1 TDLC MCS8 LEN964 SIM10000 SNR0 REAL TFEQMMSE USR4
per_case11 = [ ...
     0.0        893   0.462486  0.483763  0.449048  0.484882
     2.0       1425   0.303860  0.329123  0.281404  0.299649
     4.0       2170   0.184793  0.194009  0.193088  0.196774
     6.0       3861   0.103859  0.113960  0.109816  0.117327
     8.0       8140   0.054914  0.050246  0.049263  0.049386
    10.0      10000   0.019300  0.018700  0.018700  0.018700
    12.0      10000   0.005900  0.005100  0.005700  0.005700
    14.0      10000   0.000600  0.001400  0.000900  0.001000
    16.0      10000   0.000200  0.000200  0.000000  0.000500];

% RUNNING CASE: OTFS MU BW10 SCS60 SLOT4 FC4000 V500 DS0.1 TDLC MCS8 LEN964 SIM10000 SNR0 REAL TFEQMMSE USR4
per_case12 = [ ...
     0.0        739   0.608931  0.573748  0.589986  0.542625
     2.0       1048   0.382634  0.399809  0.418893  0.395038
     4.0       1946   0.223535  0.242549  0.206064  0.226619
     6.0       4333   0.096238  0.094853  0.092546  0.097161
     8.0      10000   0.032200  0.034800  0.036900  0.034600
    10.0      10000   0.010400  0.011900  0.011200  0.010600
    12.0      10000   0.002800  0.004000  0.002900  0.004000
    14.0      10000   0.000600  0.000300  0.000300  0.000600];

% RUNNING CASE: OTFS MU BW10 SCS60 SLOT4 FC4000 V3 DS0.01 TDLE MCS8 LEN964 SIM10000 SNR0 REAL TFEQMMSE USR4
per_case13 = [ ...
     0.0       1418   0.283498  0.282793  0.307475  0.309591
     2.0       2588   0.165379  0.166924  0.157651  0.154946
     4.0       4433   0.090458  0.090684  0.093390  0.093616
     6.0       7151   0.056775  0.056076  0.065585  0.065445
     8.0       9586   0.041832  0.041832  0.043814  0.044127
    10.0      10000   0.025400  0.025600  0.024700  0.023800
    12.0      10000   0.015300  0.016000  0.015000  0.014500
    14.0      10000   0.009400  0.009000  0.011600  0.012000
    16.0      10000   0.005700  0.006400  0.005100  0.005400
    18.0      10000   0.003000  0.003300  0.002800  0.002600];

% RUNNING CASE: OTFS MU BW10 SCS60 SLOT4 FC4000 V120 DS0.01 TDLE MCS8 LEN964 SIM10000 SNR0 REAL TFEQMMSE USR4
per_case14 = [ ...
     0.0       1164   0.363402  0.344502  0.350515  0.344502
     2.0       2012   0.199304  0.201292  0.209245  0.218688
     4.0       3267   0.124579  0.137435  0.122743  0.131007
     6.0       5024   0.079817  0.084594  0.083997  0.087381
     8.0       7674   0.054079  0.053297  0.057727  0.052254
    10.0      10000   0.031900  0.033000  0.030600  0.033700
    12.0      10000   0.015200  0.016400  0.016400  0.019100
    14.0      10000   0.007700  0.006500  0.008100  0.006500
    16.0      10000   0.001900  0.001200  0.001400  0.002200
    18.0      10000   0.000500  0.000800  0.000700  0.000800];

% RUNNING CASE: OTFS MU BW10 SCS60 SLOT4 FC4000 V200 DS0.01 TDLE MCS8 LEN964 SIM10000 SNR0 REAL TFEQMMSE USR4
