% simulator: new_wave_test_r3
% commit: a48c3a6
% maintain bandwidth (10 MHz), single slot (14 ofdm symbols) simulation

% RUNNING CASE: OFDM BW10 SCS15 FC4000 V3 DS0.1 TDLC MCS8 LEN6120 SIM10000 SNR0 TFNR TFEQMMSE
per_case01 = [ ...
     0.0        401   1.000000
     2.0        401   1.000000
     4.0        682   0.587977
     6.0       1816   0.220815
     8.0       5669   0.070736
    10.0      10000   0.017000
    12.0      10000   0.003900
    14.0      10000   0.000100];

% RUNNING CASE: OFDM BW10 SCS15 FC4000 V120 DS0.1 TDLC MCS8 LEN6120 SIM10000 SNR0 TFNR TFEQMMSE
per_case02 = [ ...
     0.0        401   1.000000
     2.0        401   1.000000
     4.0        585   0.685470
     6.0       1910   0.209948
     8.0      10000   0.034700
    10.0      10000   0.003200
    12.0      10000   0.000200];

% RUNNING CASE: OFDM BW10 SCS15 FC4000 V200 DS0.1 TDLC MCS8 LEN6120 SIM10000 SNR0 TFNR TFEQMMSE
per_case03 = [ ...
     0.0        401   1.000000
     2.0        401   1.000000
     4.0        493   0.813387
     6.0       1864   0.215129
     8.0      10000   0.029400
    10.0      10000   0.001500
    12.0      10000   0.000000];

% RUNNING CASE: OFDM BW10 SCS15 FC4000 V500 DS0.1 TDLC MCS8 LEN6120 SIM10000 SNR0 TFNR TFEQMMSE
per_case04 = [ ...
     0.0        401   1.000000
     2.0        401   1.000000
     4.0        402   0.997512
     6.0        466   0.860515
     8.0        739   0.542625
    10.0       1116   0.359319
    12.0       1530   0.262092
    14.0       1493   0.268587
    16.0       1649   0.243178
    18.0       1399   0.286633];

% RUNNING CASE: OFDM BW10 SCS15 FC4000 V3 DS0.1 TDLE MCS8 LEN6120 SIM10000 SNR0 TFNR TFEQMMSE
per_case05 = [ ...
     0.0        401   1.000000
     2.0        401   1.000000
     4.0        552   0.726449
     6.0       2243   0.178778
     8.0      10000   0.028200
    10.0      10000   0.002700
    12.0      10000   0.000300];

% RUNNING CASE: OFDM BW10 SCS15 FC4000 V120 DS0.1 TDLE MCS8 LEN6120 SIM10000 SNR0 TFNR TFEQMMSE
per_case06 = [ ...
     0.0        401   1.000000
     2.0        401   1.000000
     4.0        501   0.800399
     6.0       2305   0.173970
     8.0      10000   0.014600
    10.0      10000   0.000400];

% RUNNING CASE: OFDM BW10 SCS15 FC4000 V200 DS0.1 TDLE MCS8 LEN6120 SIM10000 SNR0 TFNR TFEQMMSE
per_case07 = [ ...
     0.0        401   1.000000
     2.0        401   1.000000
     4.0        454   0.883260
     6.0       2115   0.189598
     8.0      10000   0.008900
    10.0      10000   0.000100];

% RUNNING CASE: OFDM BW10 SCS15 FC4000 V500 DS0.1 TDLE MCS8 LEN6120 SIM10000 SNR0 TFNR TFEQMMSE
per_case08 = [ ...
     0.0        401   1.000000
     2.0        401   1.000000
     4.0        401   1.000000
     6.0        425   0.943529
     8.0        581   0.690189
    10.0        996   0.402610
    12.0       1268   0.316246
    14.0       1409   0.284599
    16.0       1244   0.322347
    18.0       1069   0.375117];

% RUNNING CASE: OFDM BW10 SCS30 FC4000 V3 DS0.1 TDLC MCS8 LEN6120 SIM10000 SNR0 TFNR TFEQMMSE
per_case09 = [ ...
     0.0        401   1.000000
     2.0        401   1.000000
     4.0        401   1.000000
     6.0        428   0.936916
     8.0        942   0.425690
    10.0       2021   0.198417
    12.0       5923   0.067702
    14.0      10000   0.018100
    16.0      10000   0.003300
    18.0      10000   0.000700];

% RUNNING CASE: OFDM BW10 SCS30 FC4000 V120 DS0.1 TDLC MCS8 LEN6120 SIM10000 SNR0 TFNR TFEQMMSE
per_case10 = [ ...
     0.0        401   1.000000
     2.0        401   1.000000
     4.0        401   1.000000
     6.0        405   0.990123
     8.0        805   0.498137
    10.0       2063   0.194377
    12.0       9411   0.042610
    14.0      10000   0.004200
    16.0      10000   0.000200];

% RUNNING CASE: OFDM BW10 SCS30 FC4000 V200 DS0.1 TDLC MCS8 LEN6120 SIM10000 SNR0 TFNR TFEQMMSE
per_case11 = [ ...
     0.0        401   1.000000
     2.0        401   1.000000
     4.0        401   1.000000
     6.0        403   0.995037
     8.0        667   0.601199
    10.0       2055   0.195134
    12.0      10000   0.031700
    14.0      10000   0.004100
    16.0      10000   0.000400];

% RUNNING CASE: OFDM BW10 SCS30 FC4000 V500 DS0.1 TDLC MCS8 LEN6120 SIM10000 SNR0 TFNR TFEQMMSE
per_case12 = [ ...
     0.0        401   1.000000
     2.0        401   1.000000
     4.0        401   1.000000
     6.0        401   1.000000
     8.0        452   0.887168
    10.0        900   0.445556
    12.0       3218   0.124612
    14.0       8308   0.048267
    16.0      10000   0.033200
    18.0      10000   0.036500];

% RUNNING CASE: OFDM BW10 SCS30 FC4000 V3 DS0.1 TDLE MCS8 LEN6120 SIM10000 SNR0 TFNR TFEQMMSE
per_case13 = [ ...
     0.0        401   1.000000
     2.0        401   1.000000
     4.0        401   1.000000
     6.0        401   1.000000
     8.0        605   0.662810
    10.0       2157   0.185906
    12.0      10000   0.029500
    14.0      10000   0.003800
    16.0      10000   0.000700];

% RUNNING CASE: OFDM BW10 SCS30 FC4000 V120 DS0.1 TDLE MCS8 LEN6120 SIM10000 SNR0 TFNR TFEQMMSE
per_case14 = [ ...
     0.0        401   1.000000
     2.0        401   1.000000
     4.0        401   1.000000
     6.0        401   1.000000
     8.0        552   0.726449
    10.0       2327   0.172325
    12.0      10000   0.015100
    14.0      10000   0.000700];

% RUNNING CASE: OFDM BW10 SCS30 FC4000 V200 DS0.1 TDLE MCS8 LEN6120 SIM10000 SNR0 TFNR TFEQMMSE
per_case15 = [ ...
     0.0        401   1.000000
     2.0        401   1.000000
     4.0        401   1.000000
     6.0        401   1.000000
     8.0        494   0.811741
    10.0       2146   0.186859
    12.0      10000   0.008300
    14.0      10000   0.000300];

% RUNNING CASE: OFDM BW10 SCS30 FC4000 V500 DS0.1 TDLE MCS8 LEN6120 SIM10000 SNR0 TFNR TFEQMMSE
per_case16 = [ ...
     0.0        401   1.000000
     2.0        401   1.000000
     4.0        401   1.000000
     6.0        401   1.000000
     8.0        411   0.975669
    10.0        717   0.559275
    12.0       3714   0.107970
    14.0      10000   0.029000
    16.0      10000   0.024500
    18.0      10000   0.030100];

% RUNNING CASE: OFDM BW10 SCS60 FC4000 V3 DS0.1 TDLC MCS8 LEN6120 SIM10000 SNR0 TFNR TFEQMMSE
per_case17 = [ ...
     0.0        401   1.000000
     2.0        401   1.000000
     4.0        507   0.790927
     6.0       1242   0.322866
     8.0       3520   0.113920
    10.0      10000   0.034800
    12.0      10000   0.005800
    14.0      10000   0.000700];

% RUNNING CASE: OFDM BW10 SCS60 FC4000 V120 DS0.1 TDLC MCS8 LEN6120 SIM10000 SNR0 TFNR TFEQMMSE
per_case18 = [ ...
     0.0        401   1.000000
     2.0        401   1.000000
     4.0        455   0.881319
     6.0       1284   0.312305
     8.0       5502   0.072883
    10.0      10000   0.008300
    12.0      10000   0.000800];


% RUNNING CASE: OFDM BW10 SCS60 FC4000 V200 DS0.1 TDLC MCS8 LEN6120 SIM10000 SNR0 TFNR TFEQMMSE
per_case19 = [ ...
     0.0        401   1.000000
     2.0        401   1.000000
     4.0        437   0.917620
     6.0       1313   0.305407
     8.0       9496   0.042228
    10.0      10000   0.004200
    12.0      10000   0.000000];

% RUNNING CASE: OFDM BW10 SCS60 FC4000 V500 DS0.1 TDLC MCS8 LEN6120 SIM10000 SNR0 TFNR TFEQMMSE
per_case20 = [ ...
     0.0        401   1.000000
     2.0        401   1.000000
     4.0        405   0.990123
     6.0       1143   0.350831
     8.0      10000   0.015300
    10.0      10000   0.000100];

% RUNNING CASE: OFDM BW10 SCS60 FC4000 V3 DS0.1 TDLE MCS8 LEN6120 SIM10000 SNR0 TFNR TFEQMMSE
per_case21 = [ ...
     0.0        401   1.000000
     2.0        401   1.000000
     4.0        419   0.957041
     6.0        997   0.402207
     8.0       5154   0.077804
    10.0      10000   0.011100
    12.0      10000   0.001400
    14.0      10000   0.000100];

% RUNNING CASE: OFDM BW10 SCS60 FC4000 V120 DS0.1 TDLE MCS8 LEN6120 SIM10000 SNR0 TFNR TFEQMMSE
